Top Left
X: 0.156423 m 0.270415 m
Y: 0 m 0.1327 m
Z: -1.40926 m -1.37028 m
Top Right
X: 0.156423 m 0.270415 m
Y: 0 m -0.1327 m
Z: -1.40926 m -1.37028 m
Bottom Left
X: 0.377738 m 0.270415 m
Y: 0 m 0.1327 m
Z: -1.33358 m -1.37028 m
Bottom Right
X: 0.377738 m 0.270415 m
Y: 0 m -0.1327 m
Z: -1.33358 m -1.37028 m